NAME,DriveAlone,Carpool,Bus,Subway,LongDistanceRail,LightRail,Ferry,Taxi,Motorcycle,Bicycle,Walked,Other,WorkFromHome
Alabama,0.8516683520601006,0.08671138348151987,0.0038120506723923185,5.9512038769984566e-05,3.842509589873019e-05,0.00023617376015804898,8.903375878974069e-06,0.0006012121711959858,0.0010698109016683052,0.0013945498218856226,0.012281035528218546,0.008173299056898195,0.03394529203541482
Alaska,0.6995920654296177,0.11999336784720892,0.008999145252722184,0.0,0.0,0.0,0.0006432044732727102,0.0074125742186494994,0.000783280114118767,0.006643587537270126,0.0707010357021363,0.04194836640357222,0.04328337302143157
Arizona,0.7563694520238553,0.1064875687488173,0.014596114051312102,0.0002798786480365765,0.00025729302104125843,0.0016411204912679083,1.8312670536744375e-05,0.001884373798230996,0.003209600722740064,0.007690100780730187,0.019061048339345993,0.012713266308959168,0.07579187039512639
Arkansas,0.824055168045411,0.1070921208300787,0.003693146780316007,0.00019794231351930776,0.0,5.2530844741662444e-05,8.450614154093523e-05,4.948557837982694e-05,0.0009851436680537854,0.0015089294822894922,0.019307750050627553,0.007803495052203478,0.03516978121283824
California,0.7350623865104637,0.09830476911387893,0.030481065096244573,0.012297592808553394,0.0053064425030929915,0.0027105349522545106,0.00104034911224628,0.0031213676741438223,0.002766220271153868,0.008577621303633357,0.0256136983962468,0.011270484309046366,0.06344746794904137
Colorado,0.7419089842914691,0.085809526592403,0.021793312020273528,0.0012651032071860518,0.000876606946711595,0.007897763722551245,9.264141595929356e-05,0.0011495504733013415,0.002324336601129229,0.011279009381022522,0.026934412533885507,0.00743356049849715,0.09123519231561038
Connecticut,0.783296506549489,0.07546066882783938,0.019437749930828,0.002036468258541281,0.022784171664587332,0.0007521237335399864,0.00016924175795422343,0.0017425220473576296,0.0005338909403884878,0.0035112097612410766,0.028068522870184333,0.006428403220715191,0.05577852043733406
Delaware,0.8066142567368029,0.08544384973712403,0.013157809647192218,0.0033411869189298718,0.0058826445817804,0.0011640264104658907,0.0,0.000795418047151692,0.0007221274953816175,0.002319430403076479,0.0226424692880254,0.006283587012051985,0.05163319372201756
District of Columbia,0.32962749884678577,0.05517287847454377,0.11995242019498391,0.2172707436029004,0.0026847863832610308,0.001614499919663728,0.0,0.010715822099212704,0.002464509508186525,0.04024069783714024,0.13425486811893914,0.012397700827722753,0.07360357418666003
Florida,0.7814383354932628,0.09141812261129131,0.013906767130861293,0.0009497264793826068,0.0006261174781830216,0.0003668244979115046,6.320012782048323e-05,0.0030692132699979458,0.00257395961988623,0.0059504492737818375,0.015719281872062854,0.014091092383268704,0.0698269097622894
Georgia,0.7836798409127349,0.09257152422662271,0.013328197148812544,0.0052657320020934656,0.0008085456967479683,0.00032833933507250997,9.156391776592108e-05,0.003913449912620997,0.0013978623657171785,0.0020006917714492007,0.014926128691674641,0.012246976525149321,0.0694411474935386
Hawaii,0.6927256929607156,0.13255989516565536,0.05301541178816625,0.0005184742044839472,2.991197333561234e-05,0.0,9.543343873742986e-05,0.001411560265504373,0.006787169187818705,0.005808620345839387,0.04558299860410791,0.01376520525311227,0.04769962681252315
Idaho,0.7829318252501457,0.09214845849256027,0.0073009052550550456,0.0,0.0001870804839307397,9.29444442458452e-05,0.00011320156670968327,0.0011272492853406353,0.0013274373191009175,0.007560673060767792,0.026890734273025498,0.006518027051599658,0.07380146351751823
Illinois,0.7241850473516487,0.07611494876422842,0.036343947625906425,0.03404828593333459,0.02468980604688636,0.00131544444922573,0.00010234099794882854,0.003955197528601891,0.0006132401530634529,0.005699829501509087,0.030199619742755025,0.00847592980019975,0.05425636210469178
Indiana,0.8163394237591673,0.09498585579416695,0.007052273142740289,0.0004613520807319665,0.0012647677592665463,0.0002128602279804305,0.0001886926911791589,0.0012749924863747766,0.0009716589154972781,0.004144732561418077,0.022644362302360672,0.007369859363526229,0.04308916891559023
Iowa,0.801966250603207,0.08572304002526707,0.0107907219043916,0.0002894135663238374,4.6557834582530365e-05,0.0,7.864499084886887e-05,0.0009865227652082111,0.0009481440096739631,0.003385509566062107,0.03177068882316265,0.0064394518507053826,0.05757505406056671
Kansas,0.8270571335833317,0.08465894572551294,0.004315577931091636,0.0003266552026574402,0.0,7.80381350957521e-05,0.00026933515652516213,0.00039364369030600615,0.0010959869061677751,0.0027485998024875517,0.022147637101953714,0.005729242201366012,0.051179204563504395
Kentucky,0.819541942185402,0.09040510754731322,0.009765144029794027,3.9522687542752907e-05,5.624382458007144e-05,0.0,1.6721137037318536e-05,0.00097742646499962,0.0006551645511894808,0.0024164576524537003,0.022673861822603936,0.010442603430366598,0.04300980466671734
Louisiana,0.8212048218959366,0.08777601362666765,0.010705608847849048,5.3352672030256896e-05,0.00016005801609077067,0.0007217430910759752,0.0001155974560655566,0.0010952117952877734,0.0008022661053438629,0.003671454245637678,0.02125461772316484,0.013080296759417982,0.039358957765432016
Maine,0.7847970738161018,0.09531499280127631,0.005110944155264946,0.0002828604525168594,0.0004190525222471991,0.0,0.0005582378242793045,0.0007123892878202385,0.0008051794891749754,0.002711868465399731,0.03806493518155451,0.008342138425021028,0.0628803275793431
Maryland,0.7389018569986155,0.08692352631962444,0.037356288188697705,0.03360475283390063,0.007903824334592845,0.0012770768926500743,0.00017988372940282504,0.004218322247551239,0.0005620959935046685,0.0030886003809761733,0.022082435541121485,0.008769087843112762,0.055132248696249574
Massachusetts,0.6962334394866808,0.07284357626531024,0.029504362020031392,0.050989348648448764,0.021157261194146803,0.0015913379308372863,0.0010076457354040523,0.0032698310316945137,0.0004322016633165539,0.008866732596665943,0.049916542738613394,0.009750381544439102,0.054437339144411165
Michigan,0.8177675345414299,0.08877311028912595,0.013646907921336807,0.00015057414436027975,8.965810875013807e-05,4.8046450622083566e-05,6.348995260775329e-05,0.0013570977369907263,0.0005152123856885925,0.003450335735298376,0.02166894923055969,0.0073755591566560955,0.045093524346573634
Minnesota,0.7762337824730736,0.08232031875741384,0.028870999901993585,0.0004991568068834298,0.0007627602661719032,0.003752293857025539,0.00012808424496196338,0.0015498531593550501,0.0007211920283610286,0.006801645155948483,0.026212322447862278,0.007667819086918172,0.06447977181403114
Mississippi,0.8484322631268255,0.0894218552747396,0.0023248224802479163,5.830275812533959e-05,0.0,0.0,7.611748977474892e-05,0.0004291730806448609,0.0011814406125676454,0.0007312137581553008,0.01094634283803251,0.01528261047360464,0.031115858107281933
Missouri,0.8207309288276895,0.08391724011131704,0.009755505223002822,0.0008030111718371873,0.00013926635444933707,0.0007114246776549879,5.4540271816365995e-05,0.0011895953626362091,0.0011179040619467722,0.002409719556666485,0.020782244706077674,0.007771131182388501,0.050617488492517175
Montana,0.7617390121369365,0.09895538776977718,0.009175096444431489,0.0,7.190819073161726e-05,0.0,0.0,0.00012049480609081811,0.0014750896423053378,0.012074745649068595,0.04175922416892595,0.009344177865881508,0.065284863325851
Nebraska,0.8178779307837661,0.08962435631619108,0.008074761202794855,2.796454096206011e-05,0.0,2.2970872933120803e-05,2.2970872933120803e-05,0.0009977348721820732,0.0008209590239576217,0.0031000691123655205,0.027526096909119238,0.005526991774430023,0.046377193718365115
Nevada,0.7697423131652381,0.10620059587813313,0.030455080877486333,7.871121675905538e-05,4.928006614479989e-05,0.0,6.639120022285541e-05,0.002707665856511505,0.002791168190812416,0.0024872744495861502,0.015934572498848422,0.020719530032435866,0.048767416567821346
New Hampshire,0.8035726383464105,0.07828142822577858,0.006940651895890221,0.00017005979744910303,0.0014683211779751824,0.00015070339773944904,1.7973799730393005e-05,0.00015208599771871002,0.0012512529812312052,0.003162006152569908,0.024165082437523765,0.007359579689606305,0.07330821610037676
New Jersey,0.7095597565648373,0.07885042797486753,0.05681156574880108,0.021604802836608646,0.027526241479972874,0.006251450445979623,0.0033317846830190267,0.0037176655159606737,0.00039424987797027585,0.0024419516251102114,0.026865539303523547,0.013468507735938082,0.049176056207411174
New Mexico,0.80731085449329,0.09354765877539332,0.009096165601096958,0.0002125632595970109,0.0011817636142362315,0.0,4.6257289653235534e-05,0.0007918807443018178,0.002108010771340305,0.006695191995286162,0.01995120957305623,0.008293271216401513,0.05076517266634727
New York,0.5276618990177859,0.06265200862032691,0.05682874100852483,0.1904548310958802,0.02765262494847592,0.0005858032123044324,0.0017152258702230196,0.007672146069453346,0.0006118765957361115,0.007274791945529099,0.061942515820767326,0.006981095419150307,0.04796644037584252
North Carolina,0.8017232650297127,0.08736698939155342,0.009187209596205066,0.00046213490937133453,0.0001846919532632152,0.001220749006875725,0.00020656336878122753,0.0013313211631056762,0.0012274319393951176,0.0015731218124437013,0.017812850347674502,0.010619989825741522,0.06708368165587676
North Dakota,0.8254975461786974,0.08489481861451577,0.0063848676909418235,0.0006609287528669018,0.0,0.0,3.205997681817061e-05,0.0017978248538804904,0.001546277343460998,0.0025130089521319884,0.031640730967471456,0.009043379614787048,0.03598855705442797
Ohio,0.8238057861449777,0.08014951748727317,0.014123004469887259,0.000519038663818067,0.00014241805460157923,0.0001923359405737408,3.8646105268770245e-05,0.001607928463196473,0.0006315775536979582,0.002600560833710998,0.022764524091999916,0.007539032119028573,0.04588563007196585
Oklahoma,0.8265176536039568,0.09477978540193621,0.003929615058916241,0.0001611920149505594,4.533525420484483e-05,5.485006064289868e-05,6.772303405908918e-05,0.001128903799150272,0.0014876679713145377,0.002383738859980668,0.01458284010255842,0.010674493434503711,0.04418620140382574
Oregon,0.7153037278630167,0.09470452534131475,0.03260264301411,0.0022969761452563964,0.0017635009496156792,0.009756182445533824,0.00026748336929609116,0.0007900205832927302,0.0018962482722960812,0.019466127059572225,0.037795698390127974,0.010476597691091511,0.07288026887547605
Pennsylvania,0.7519640903831952,0.08419229498812847,0.03465085112336502,0.010659372795481003,0.00894827359914576,0.0029120891836618107,5.194957363318001e-05,0.0017465414288139523,0.0007729319740562859,0.004501325361474358,0.036455006409541635,0.009168209644527355,0.0539770635349759
Rhode Island,0.7960416286424131,0.08176176765287613,0.019709910641452087,0.0013949469026219043,0.009014076113070783,9.498303342285329e-05,0.00046932792985409863,0.001471305811844198,0.00037806972127135723,0.002711672483601459,0.032765421706044275,0.009064361248412294,0.04512252811311548
South Carolina,0.8205045343972966,0.08637916586089087,0.005232029503268905,0.00013570960857956144,2.8414199296345678e-05,0.0003838037367640722,8.821124557671494e-05,0.001444035053791896,0.0007620942706795998,0.0022837382568779326,0.0204891822478261,0.01101962021666039,0.051249461402490946
South Dakota,0.7975357336468509,0.08958230618386738,0.0035203805044986356,0.0,0.0,0.0,0.0,0.001064145437671641,0.0020435161863883084,0.0038103991772393347,0.03218761084848309,0.00914228092993372,0.061113627085066936
Tennessee,0.8200917693011771,0.08895732063594748,0.005546873107214899,9.030305642808305e-05,0.00038575451979383214,0.00011830644326466631,2.705945244883325e-05,0.0018186469203983278,0.0008048613879548308,0.0012330929551974128,0.014063678443087207,0.010458478371474051,0.05640385540561332
Texas,0.8014305506636531,0.09703945989410744,0.011147000319408526,0.0004919809941355254,0.0006456703740462674,0.0009475081505313111,4.753580441262041e-05,0.001262469308602661,0.001197071123697568,0.0022663350922796093,0.015411443165878742,0.010988936478969015,0.057124038630277665
Utah,0.7611680072948359,0.10362620028214445,0.01281648107523052,0.0009787911739558193,0.00578118270810679,0.005055614283025993,6.630520855829743e-05,0.0011328718490817675,0.002546751486815367,0.0054067161492965966,0.020471259533741775,0.0066519911138390965,0.07429782784136763
Vermont,0.7618676010635345,0.08550224859809624,0.015058512902449707,0.001363347542581477,0.0,0.0,0.0,0.0008297296130190437,0.0005675473932918365,0.005027729625357031,0.05311503322002949,0.0063139647503716815,0.07035428529126903
Virginia,0.7663250241855663,0.08992556996851682,0.01955279536680976,0.019565610454875045,0.0038319443331214574,0.0004366450006244443,0.0001456260007418771,0.003548847387679248,0.0013441862372478223,0.0034978200370192943,0.023173640249255792,0.011068974065989782,0.05758331671255245
Washington,0.7091680660375965,0.09951910695204255,0.058371559232665814,0.0009111912166859978,0.003483097577488179,0.004952067797138166,0.003366815291362321,0.0011544978015128513,0.002509871238180765,0.00874480388710467,0.03484198633777131,0.00786798711065911,0.06510894951979175
West Virginia,0.8198729799890797,0.09036320169250538,0.006152574543175446,0.0011070802503178236,0.0004953807794994465,0.0,0.00014505625035066664,0.0006760168648417861,0.0006705430440738364,0.0012521365006684904,0.02902082925647724,0.011017432750690727,0.03922676807831943
Wisconsin,0.8075500400239096,0.07992651414217561,0.016154859585177265,0.00016556957115115793,0.000540297437287146,4.5616106337563915e-05,2.1963310458827072e-05,0.0013806474851502679,0.0008994820375599641,0.006167635473922624,0.029604853013078983,0.006576490945540789,0.05096603086825021
Wyoming,0.7691418840844129,0.11513570945619628,0.011558646447084582,0.0,0.0,0.0,7.154841502373619e-05,0.0,0.001556178026766262,0.010431758910460736,0.029524453459544738,0.005316047236263599,0.057263773964247255
Puerto Rico,0.8426917959351669,0.07727465144676113,0.0058736634433863115,0.0014439748511786922,0.0,0.00384114907940493,0.0006999905168882488,0.002324828839609296,0.0006335109705915995,0.0014977450724480408,0.027974202025475355,0.011409063312969083,0.02433542450612052
